a=[23 12 20];
b=[12 10 11];
sum=a+b