a=[23 12 20 34 12 21 10];
b=[12 10 11 15 22 12 11];
sum=a(7)+b(5)