x=50
l=0.002
xl=2*pi*x*l